     A, B, C, D, E, F, G

0    1, 1, 1, 0, 1, 1, 1     6
1    0, 0, 1, 0, 0, 1, 0     2
2    1, 0, 1, 1, 1, 0, 1     5
3    1, 0, 1, 1, 0, 1, 1     5
4    0, 1, 1, 1, 0, 1, 0     4
5    1, 1, 0, 1, 0, 1, 1     5
6    1, 1, 0, 1, 1, 1, 1     6
7    1, 0, 1, 0, 0, 1, 0     3
8    1, 1, 1, 1, 1, 1, 1     7
9    1, 1, 1, 1, 0, 1, 1     6

     8, 6, 8, 7, 4, 9, 7



     B, E, F

0    1, 1, 1     6
1    0, 0, 1     2 // 1
2    0, 1, 0     5 //  2
3    0, 0, 1     5 //   3
4    1, 0, 1     4 // 1
5    1, 0, 1     5
6    1, 1, 1     6
7    0, 0, 1     3 // 1
8    1, 1, 1     7 // 1
9    1, 0, 1     6

     6, 4, 9
